<?xml version="1.0" encoding="UTF-8"?>
<!DOCTYPE svg PUBLIC "-//W3C//DTD SVG 1.1//EN" "http://www.w3.org/Graphics/SVG/1.1/DTD/svg11.dtd">
<!-- Creator: CorelDRAW 2017 -->
<svg xmlns="http://www.w3.org/2000/svg" xml:space="preserve" width="320mm" height="150mm" version="1.1" style="shape-rendering:geometricPrecision; text-rendering:geometricPrecision; image-rendering:optimizeQuality; fill-rule:evenodd; clip-rule:evenodd"
viewBox="0 0 32000 15000"
 xmlns:xlink="http://www.w3.org/1999/xlink">
 <defs>
  <style type="text/css">
   <![CDATA[
    .fil0 {fill:#D7B56D}
   ]]>
  </style>
 </defs>
 <g id="Слой_x0020_1">
  <metadata id="CorelCorpID_0Corel-Layer"/>
  <path class="fil0" d="M23261.75 7811.7c37,-32.9 223.48,-100.48 285.6,-130.29 26.32,-12.65 40.32,-15.68 65.75,-29.83 11.29,-6.29 24.73,-15.49 29.08,-17.54l329.93 -146.44c74.11,-28.47 115.41,-63.61 141.69,-73.78 79.18,-30.57 539.32,148.35 649.64,166.88 79.71,13.39 95.16,20.67 163.95,38.87 70.5,18.72 49.65,0 159.6,33.41 81.2,24.69 202.01,44.01 304.03,63.94 119.28,23.33 230.06,48.58 345.29,57.68 -86.29,176.86 -263.44,297.88 -454.96,344.96 -225.49,55.44 -522.02,17.64 -758.94,13.3 -119.93,-2.24 -223.12,-33.65 -334.19,-44.8 -126.69,-12.65 -804.86,-188.3 -926.47,-276.36zm-2789.65 -106.96l0 0 239.16 -83.12c26.04,-7.04 81.72,-20.11 129.13,-33.73 105.51,-30.34 227.12,-95.72 391.3,-144.2 130.67,-38.6 105.89,-44.62 235.06,24.49l234.83 99.27c1.44,0.93 4.11,3.36 5.64,4.43l708.83 356.06 -490.89 139.26c-169.59,43.54 -422.75,43.17 -588.51,33.32 -149.48,-8.91 -357.15,-39.39 -455.43,-80.12 -23.52,-9.76 -35.28,-11.63 -62.95,-22.74 -96.74,-38.68 -175.19,-84.84 -233.66,-158.14 -30.94,-38.64 -75.93,-70.52 -112.51,-134.78zm-107.24 -281.03l0 0c74.66,-14.61 97.1,-24.08 160.16,-43.73 89.32,-27.85 188.81,-35.6 318.49,-86.15l143.51 -57.86 -398.07 -198.01c-51.01,-26.97 -90.4,-56.84 -156.52,-59.17 -77.19,173.46 -79.71,273.38 -67.57,444.92zm1569.96 -218.12l0 0c77.28,56.6 132.26,62.16 184.99,85.82 30.62,13.72 20.91,13.06 53.99,29.4l723.62 331.48c183.77,80.31 66.92,54.04 242.95,0.74l253.91 -103.97c73.31,-27.07 442.31,-191.76 485.71,-224.61 -42.84,-55.02 -50.35,-29.12 -176.86,-74.02 -35.62,-12.6 -22.03,-9.98 -56.06,-25.48l-130.48 -48.48c-46.52,-21.93 -79.61,-22.12 -130.29,-47.56 -132.48,-66.59 -352,-146.81 -498.5,-214.89 -51.14,-23.8 -77.84,-47.09 -122.12,-39.44 -42.42,7.33 -42.14,24.69 -96.88,44.01l-494.91 193.52c-17.82,9.39 -182.6,55.16 -239.07,93.48zm2799.09 -51.33l0 0c27.85,31.92 17.58,22.4 63.46,37.52 22.63,7.47 40.42,11.71 64.22,18.33 153.38,42.84 866.6,271.75 940.94,275.67 12.22,-76.53 -19.74,-137.57 -49.05,-192.6 -67.2,-126.23 22.4,-9.99 -110.65,-174.72 -40.64,-50.31 -116.52,-104.48 -176.03,-132.39 -68.45,-32.11 -109.52,-93.85 -240.47,-28.14l-492.42 196.33zm-7267.58 -412.12l0 0c9.8,-27.48 -1.92,-6.72 19.74,-24.78l102.24 -50.36c313.23,-135.61 406.89,-133.97 732.91,-183.77 78.16,-11.95 135.61,0.8 214.76,-10.12 150.17,-20.77 101.92,-1.4 161.51,3.77 57.12,5 145.32,-8.68 199.64,2.43 123.11,25.2 260.83,42.37 383.93,59.17 41.16,5.66 54.42,13.72 86.85,19.75l431.66 113.25c61.66,21.99 38.27,25.86 156.34,61.04 53.48,15.92 110.84,47.98 146.16,66.14l69.07 38.87c26.84,13.44 62.4,24.22 81.06,35.33 -8.21,96.88 -104.49,152.83 -104.86,427.79 -0.1,60.53 -3.27,128.33 10.92,179.48 -27.72,8.49 -61.23,22.08 -88.53,29.03 -73.26,18.62 -191.42,35 -290.88,65.7l-403.85 80.04c-343.66,61.23 -530.79,46.48 -865.39,-12.32 -107.99,-19 -263.02,-83.3 -366.8,-118.21 -57.35,-19.32 -116.02,-52.4 -160.07,-78.35 -84.88,-49.89 -229.32,-123.81 -297.22,-190.4 -19.93,-19.56 -42.23,-41.96 -56.05,-62.96 -100.14,-152.04 -163.14,-249.8 -163.14,-450.52zm3289.59 -71.31l0 0 305.77 -156.71 329.69 -111.16c280.06,-84.65 124.84,-41.81 453.05,57.55 42.61,12.88 62.11,26.23 109.71,44.61l326.02 137.24c54.23,24.98 183.31,69.59 223.3,99.78 -19.18,25.29 -171.37,78.54 -209.95,89.23 -97.87,27.16 -102.16,40.37 -228.35,80.59 -72.61,23.15 -150.96,43.03 -226.61,70.75 -238.42,87.36 -255.78,69.72 -407.26,-2.29l-375.26 -170.66c-28.78,-14.74 -66.96,-38.32 -96.54,-48.25 -37.86,-12.69 -61.6,-26.28 -96.56,-44.52 -39.71,-20.68 -68.23,-24.73 -107.01,-46.16zm2646.76 -11.89l0 0c13.45,-10.18 1.35,-3.32 24.65,-14.1 15.86,-7.42 8.62,-3.26 25.94,-10.41l536.53 -209.07c93.76,-39.05 395.55,63 495.69,104.16 43.45,17.83 50.31,30.76 106.96,46.82 105.56,29.9 439.14,164.08 512.13,225.21l-412.58 167.86c-235.58,85.68 -148.31,128.89 -438.16,30.8l-800.29 -307.07c-44.2,-15.63 -28.7,-3.92 -50.87,-34.2zm2605.88 853.3l0 0c142.89,26.65 610.17,-52.64 710.69,-106.59 59.87,-32.15 117.04,-74.34 158.15,-103.46 59.41,-42.05 90.77,-86.2 133.52,-140.09 61.88,-77.99 72.24,-86.52 61.04,-195.77 -8.96,-86.85 -27.59,-156.47 -52.13,-224.79l-35.1 -69.63c-0.84,-1.45 -2.65,-4.44 -3.45,-5.79 -50.12,-90.44 -185.45,-261.76 -268.47,-271 -24.83,-2.75 -43.21,13.77 -77.84,28.1l-249.62 89.65c-38.46,13.35 -51.62,28.23 -88.9,40.97 -38.27,13.07 -74.53,18.99 -109.67,32.71 -36.87,14.37 -46.39,27.31 -88.67,42.84 -65.42,23.99 -156.61,47.88 -191.89,64.87 -48.39,23.29 -57.59,20.06 -98.51,37.33l-182.66 78.31c-75.32,25.76 -54.93,-0.47 -93.98,39.57 56.74,7.71 181.58,103.75 233.42,160.12 218.96,238.19 196.75,421.59 244.07,502.65zm-1641.36 -1199.53l0 0c41.76,57.77 197.58,70.47 267.3,103.97l391.17 167.31c231.93,97.44 251.62,169.31 374.21,108.12l267.83 -100.8c86.94,-27.76 181.2,-69.25 265.58,-102.85l405.25 -140.7c68.98,-37.76 83.54,-18.95 126.05,-58.48 -232.45,-34.9 -313.93,-62.62 -576.15,-92.35 -450.76,-51.05 -713.21,-19.65 -1128.4,19.7 -96.84,9.19 -249.44,69.62 -298.91,71.4 -25.66,0.93 -64.49,12.36 -93.93,24.68zm-2014.11 -87.12l0 0c13.16,2.37 61.7,18.8 79.76,27.53l235.43 96.97c97.63,31.18 235.3,102.67 328.68,146.3 149.94,70.09 123.39,53.25 199.08,14.75l86.29 -35.98c90.62,-26.97 63.14,-31.92 125.4,-51.61 92.12,-29.08 187.22,-75 265.2,-88.81l-647.37 -101.78c-152.6,-19.23 -69.34,-3.41 -166.45,-8.45 -57.59,-2.94 -28.93,-8.59 -73.41,-16.19 -78.26,-13.3 -332.41,12.23 -432.61,17.27zm-4855.45 292.45l0 0c44.33,-11.76 80.5,-32.38 109.29,-47.69 77.8,-41.25 263.62,-90.16 346.04,-115.55 491.77,-151.43 1054.29,-162.77 1574.35,-88.1 220.88,31.69 307.44,58.75 483.99,90.49 97.48,17.54 330.49,121.56 431.95,173.69 118.67,60.95 175.32,-3.17 325.59,-72.8 132.49,-61.37 295.77,-116.72 438.34,-165.57 34.91,-12 73.97,-22.68 101.5,-34.44 -84.6,-67.44 -378.38,-122.27 -502.18,-186.63 -117.69,-61.23 -253.82,-83.35 -355.37,-132.48l-376.79 -110.14c-47.92,-15.02 -85.87,-26.46 -126.79,-38.45l-412.54 -73.08c-91.7,-10.88 -217,-25.95 -313.88,-26.65 -425.51,-2.89 -770.24,27.53 -1148.52,212.11 -10.73,5.22 -18.9,8.68 -29.63,12.97l-122.83 60.33c-134.3,76.26 -278.09,197.03 -353.13,324.76 -23.1,39.34 -90.58,177.25 -69.39,217.23zm147.89 1461.76l0 0c-180.32,-13.91 -117.6,14.78 -200.67,99.96 -44.57,45.64 -58.89,49.69 -110.32,79.75 -11.76,6.81 -11.29,6.95 -22.03,13.86 -133.56,85.77 -415.42,60.67 -536.99,-43.77 -75.23,-64.68 -69.77,-79.9 -96.09,-178.27 -25.34,-94.51 -35.46,-338.9 -10.41,-404 34.72,-90.3 23.85,-90.2 64.12,-172.11 19.75,-40.13 38.74,-56.65 44.8,-110.17 21.71,-5.42 -8.81,33.78 33.98,-30.34 33.5,-49.98 135.38,-144.25 181.44,-188.81 43.26,-41.82 234.73,-198.8 289.8,-208.28 68.51,300.44 146.67,536.72 448.19,702.48l158.11 93c83.53,43.17 34.34,34.16 226.24,118.44 22.86,10.08 37.65,12.66 60.99,23.11 30.19,13.53 22.3,14.13 65.29,28.19 37.24,12.13 100.15,19.88 129.55,34.38 100.09,49.47 465.31,101.04 576.19,107.2 54.65,-3.22 132.25,-0.37 189.7,0.32 102.02,1.31 499.01,-58.09 633.09,-84.04 77.56,-15.02 258.9,-35.84 321.34,-59.13l164.27 -38.49c9.38,72.37 150.36,204.62 216.54,260.12 75.32,63.18 141.07,99.81 231.41,134.44 36.64,14 45.08,26.41 83.35,37.57 26.37,7.65 80.23,11.8 109.91,19.97 30.18,8.31 56.78,19.27 91.09,27.58 108.17,26.23 207.39,35.8 314.95,39.81 33.74,1.26 45.78,11.2 92.73,12.88 69.35,2.47 149.8,2.56 213.27,0.32 44.71,-1.53 64.25,-11.24 113.4,-13.29 33.36,-1.4 50.81,3.26 94.4,-2.67 137.53,-18.71 270.48,-44.33 402.36,-83.48 37.24,-11.06 50.74,-16.01 91.24,-27.77l272.16 -98.47c93.24,-50.77 82.79,-17.26 174.77,19.28 63.89,25.39 120.02,65.52 171.82,80.5l154.47 56.23c560.94,192.41 1035.78,243.27 1629.24,215.79 136.32,-6.3 250.09,-28.75 370.44,-43.59l205.52 -41.81c73.08,-17.13 82.65,-35.14 151.9,-66.27l156.06 -93.42c76.16,-54.93 126.79,-115.27 189.09,-179.63l97.58 -139.07c13.58,-28.78 28.75,-56.84 34.44,-80.77 87.92,-3.32 126,15.91 184.66,12.64 125.07,-7.04 423.27,-45.03 517.58,-75.36 118.91,-38.27 210.79,-61.09 297.92,-118.12 126.51,-82.79 320.23,-305.99 363.82,-455.66 6.25,-21.6 4.29,-21.5 7.14,-43.4l6.72 -125.81c-4.99,-63.7 -16.38,-121.56 -32.34,-174.16 -30.85,-102.02 -69.12,-202.63 -125.49,-289.94 -45.03,-69.72 -131.23,-148.31 -189.66,-211.31 45.55,-19.37 99.96,-46.25 143.08,-58.94 45.46,-13.44 93.15,-23.33 147.62,-43.87 152.32,-57.35 426.25,-109.85 597.89,-140.79 50.63,-9.1 103.46,-16.1 159.18,-28.14 19.41,-4.2 106.82,-12.36 151.72,-15.91 200.15,-15.96 432.51,-37.67 640.12,-9.61 35,4.76 47.75,14.22 75.84,19.64 197.07,38.04 406.7,92.4 583.75,187.6 175.43,94.17 283.04,246.12 334.98,437.45 37.38,137.91 11.66,224.62 -16.06,340.72 -42.28,176.54 -217.32,345.81 -364.93,408.9 -152.23,65.05 -470.16,96.41 -586.18,-79.01 -11.11,-16.84 -2.71,-1.96 -16.33,-30.24 -36.45,-75.64 -88.91,-135.52 -131.09,-202.2l-101.78 -0.66c-28.33,59.12 -27.44,52.64 -37.71,109.58 -14.7,81.89 -15.82,184.56 13.76,265.62 62.63,171.59 287.85,283.22 477.5,316.54 110.28,19.37 169.83,14.24 270.72,-0.19 40.36,-5.78 96.23,-9 132.35,-25.61 109.15,-50.17 100.33,-33.37 212.19,-108.32l103.32 -85.96c3.82,-4.11 -6.82,3.73 12.6,-13.35 57.12,-50.3 60.81,-70.6 108.17,-127.53 229.23,-275.76 200.53,-706.97 57.78,-996.53 -49.23,-99.77 -178.03,-245.33 -263.06,-296.43 -72.29,-43.45 -113.59,-82.88 -199.92,-119.84 -29.5,-12.65 -26.37,-7.46 -50.08,-14.8 -14.37,-4.38 -40.97,-14 -57.35,-21.5 -358.27,-165.02 -748.16,-162.08 -1151.23,-125.4 -189,17.22 -487.3,60.44 -666.26,111.4 -36.45,10.36 -77.93,26.13 -117.09,35.88 -46.85,11.72 -85.77,13.06 -139.72,30.05 -40.04,12.65 -76.48,26.28 -115.78,38.32l-238.65 81.15c-44.67,14.52 -82.47,25.25 -126.15,40.09 -48.95,16.66 -66.92,3.92 -112.32,-16.61 -119.09,-53.86 -257.88,-71.74 -392,-97.72l-242.44 -49.34c-136.36,-18.76 -302.86,-39.76 -440.34,-40.08 -214.16,-0.52 -668.83,6.02 -870.34,61.42l-383.23 79.52c-42.98,11.7 -83.25,13.72 -129.54,24.64 -75.04,17.64 -180.28,71.53 -250.56,58.28 -87.55,-16.43 -178.83,-48.58 -260.54,-62.58 -86.67,-14.89 -184.01,-26.04 -254.95,-41.06 -148.07,-31.46 -419.16,-53.72 -553.04,-51.39l-508.26 2.61c-276.31,25.76 -302.44,59.04 -502.45,-3.82 -86.29,-27.11 -152.23,-55.95 -236.94,-86.1 -242.38,-86.38 -485.28,-146.63 -738.92,-221.81l-786.85 -186.06c-81.01,-11.76 -181.72,-23.94 -266.65,-37.8 -161.75,-26.37 -723.62,-67.2 -879.11,-56.74 -307.12,20.66 -637.8,81.48 -918.78,211.4 -33.41,15.4 -66.22,33.5 -103.13,50.12 -143.46,64.63 -370.03,203.56 -468.26,341.32 -68.88,96.6 -131.55,196.47 -165.39,308.75 -16.66,55.29 -25.99,79.84 -34.16,134.96 -26.83,180.17 8.45,102.43 -114.05,180.92l-240.1 188.31c-34.68,33.78 -45.22,23.7 -82.09,60.57 -20.63,20.67 -9.56,15.35 -35,35.98 -13.67,11.15 -30.75,20.3 -41.81,29.86l-71.07 71.45c-26,27.63 -34.21,47.89 -54.56,76.21 -97.07,135.2 -137.99,215.78 -186.71,372.08 -54.88,176.07 -61.84,522.95 39.71,699.39 62.68,108.92 215.6,201.79 329.89,240.05l50.59 10.08c20.53,3.92 30.33,8.5 56.37,12.56 35.28,5.46 86.66,4.8 124.23,2.52 161.98,-9.85 299.97,-86.1 386.86,-168.09 78.4,-74.02 189.19,-218.45 189.66,-348.32zm-8847.39 -190.46l0 0c-156.61,81.16 -622.91,217.8 -809.62,249.86 -366.1,62.81 -993.26,138.93 -1307.28,22.59 -77.42,-28.7 -223.21,-114.53 -245.51,-142.85 -179.63,-228.57 -132.26,-147 149.56,-220.13l139.16 -21.65c25.39,-3.5 116.25,-19.55 156.24,-33.65l461.07 -117.18c277.53,-55.95 270.44,-68.55 497,-129.31 85.59,-22.96 55.96,-28.84 135.85,11.61 158.53,80.32 333.76,143.27 486.92,227.32 32.06,17.55 68,10.83 200.57,84.05 31.92,17.64 44.29,18.29 74.81,32.48 1.35,0.65 29.87,15.54 30.99,16.24 3.08,1.73 13.07,8.3 15.26,9.7 1.68,1.12 6.25,7.71 7.51,5.42 1.22,-2.28 5.14,3.45 7.47,5.5zm969.41 39.72l0 0c66.69,-32.06 48.3,-6.49 152.41,-70 27.68,-16.85 311.32,-141.77 371.71,-186.62 35.88,-26.7 27.91,-6.11 79.93,-28.38 15.68,-6.72 33.42,-18.01 55.03,-28.56l240.1 -117.23c59.92,-27.1 58.19,-16.42 118.77,5.38l395.45 137.89c58.66,16.48 259,116.72 405.58,131.09 -68.13,84.29 -120.59,169.97 -215.69,229.18 -91.66,57.12 -98.79,47.28 -180.65,78.68 -414.54,159.14 -1078.33,111.26 -1482.98,-70l-57.82 -27.48 118.16 -53.95zm1307.56 -626.41l0 0 22.26 17.82c35.05,19.79 546.89,175.52 590.33,173.51 12.79,-233.61 22.78,-222.04 -71.81,-453.18 -30.61,9.57 -43.27,17.22 -58.43,24.64 -0.14,0.1 -20.06,10.41 -26.46,13.82 -2.94,1.58 -12.04,6.72 -15.31,8.35l-367.5 179.1c-26.6,13.87 -48.49,21.8 -73.08,35.94zm-2914.49 86.14l0 0 34.21 18.26c115.92,66.3 413.14,179.99 550.34,248.21 2.43,1.22 5.37,2.9 7.8,4.16 73.12,39.39 65.24,25.9 133.41,56.04 36.78,16.34 89.19,32.81 131.32,46.95 57.83,19.28 59.08,1.31 115.92,-24.96l171.37 -77.28c26.5,-12.93 35.65,-19.09 64.91,-31.55 23.38,-9.99 32.67,-15.08 56.28,-26.41l107.47 -47.09c2.52,-1.17 5.7,-2.52 8.22,-3.74l434.84 -206.45c69.63,-27.2 73.04,-37.94 134.08,-45.55 -21.15,-44.84 -14.52,-42.23 -106.73,-71.59l-385.51 -149.33c-73.98,-33.36 -182.34,-57.54 -250.61,-96.6 -153.62,-88.11 -164.22,12.04 -482.63,126.47l-592.15 240.57c-47.18,22.72 -78.59,14.84 -132.54,39.89zm-1910.4 164.32l0 0c42.89,-1.82 97.31,-16.7 140.99,-27.34 39.29,-9.57 98.13,-24.98 139.81,-37.52 230.54,-69.4 430.36,-125.54 657.07,-210.19 40.27,-15.03 95.06,-26.32 128.19,-43.77 -55.91,-35.19 -97.76,-38.09 -153.16,-66.37 -44.47,-22.68 -122.17,-53.01 -167.95,-69.21 -138.28,-48.81 -240.99,-130.05 -341.65,-82.27l-142.62 84.23c-132.9,108.36 -262.87,269.08 -260.68,452.44zm5562.42 -609.47l0 0c20.76,-23.01 159.04,-76.72 205.33,-100.94 38.12,-19.92 43.82,-12.88 79.89,-38.78 33.83,-24.22 267.97,-89 323.35,-106.73 75.1,-24.17 103.89,-33.83 188.59,-48.95 63.04,-11.25 118.58,-31.54 194.14,-42.52 76.81,-11.14 136.08,-22.06 204.96,-32.14 76.01,-11.11 139.76,-10.83 219.37,-19.28 192.7,-20.44 613.82,-4.25 816.91,43.36l344.87 106.4c273.88,97.66 205.99,128.56 189.42,227.45 -28.14,167.72 -84.05,222.79 -156.9,330.12 -84.04,123.62 -184.52,156.52 -266.79,208.98 -116.16,74.01 -359.71,187.17 -495.23,218.12 -104.96,23.89 -420.05,80.31 -495.69,80.82 -207.11,1.4 -335.78,-15.49 -539.01,-49.65 -37.66,-6.35 -52.64,-18.34 -91.09,-25.85 -40.69,-7.94 -40.65,1.63 -84,-11.76 -15.08,-4.67 -27.16,-10.27 -41.77,-12.75l-307.63 -63.84c-101.12,-16.24 -180.23,-26.6 -189.14,-69.57 -6.44,-31.08 33.65,-271.38 -81.62,-520.3 -19.46,-42.04 -1.91,-29.25 -34.95,-51.89l16.99 -20.3zm-4854.8 -77.74l0 0c74.48,-51.34 309.49,-149.62 401.15,-179.02 50.06,-16.05 56.6,-31.64 105.41,-47.46l474.84 -148.07c54.27,-20.72 137.8,14.28 179.85,31.12l214.76 81.44c42.24,13.11 78.96,21.79 118.77,35.97 85.07,30.24 176.4,54.28 202.48,96.84 -74.94,30.38 -126.23,51.19 -212.47,82.7 -43.82,16 -26.09,10.82 -56.84,27.81l-366.01 145.41c-60.34,30.38 -154.14,50.63 -219.61,75.55 -57.12,21.75 -162.26,82.56 -219.85,64.78l-479.12 -198.94c-19,-8.82 -33.42,-11.76 -53.67,-17.17 -46.06,-12.47 -68.37,-17.23 -89.69,-50.96zm2902.2 -186.35l0 0c136.92,-46.71 588.47,-270.99 677.23,-249.76l120.87 34.96c85.87,27.2 151.29,58.09 220.73,78.49l210.8 85.26c53.11,27.86 187.98,71.45 212.62,106.68l-310.52 148.77c-44.71,16.67 -58.71,28.56 -106.03,50.12 -69.26,31.6 -387.02,182.15 -436.86,182.38l-366.93 -98.38c-60.76,-21.56 -95.07,-45.77 -224.43,-82.92 -141.87,-40.74 -98.88,-44.66 -218.49,-77.52 -25.3,-6.95 -68.74,-21.79 -102.62,-38.31l323.63 -139.77zm-3362.62 251.96l0 0c22.82,-23.43 8.59,1.21 20.91,-30.76 -116.07,-26.45 -102.91,-31.64 -194.19,-70.47 -34.11,-14.5 -66.49,-18.05 -100.19,-31.3 -38.26,-15.12 -46.1,-27.07 -89.28,-40.7 -36.77,-11.57 -71.62,-17.32 -101.26,-30.61 -156.85,-70.28 -282.94,-104.21 -384.91,-148.77l-174.67 -62.68c-51.05,-16.34 -55.87,-28.61 -93.95,-40.04 -53.38,-16.06 -64.07,-3.59 -103.27,20.9 -2.89,1.83 -10.92,7.1 -13.62,8.68 -80.32,47.28 -200.11,228.91 -232.59,338.95 -33.09,112.14 -25.16,-12.19 -47.75,213.96 -17.49,175.62 231.52,357.43 373.39,418.94 184.94,80.17 485.62,108.49 690.3,108.12 71.49,-196.23 32.57,-206.12 161.04,-397.09 39.72,-58.94 154.61,-188.16 220.36,-219.61 23.9,-11.39 27.72,-8.87 49.43,-22.12 7.32,-4.48 15.81,-10.92 20.25,-15.4zm-553.99 -635.84l0 0 -347.24 71.08c37.09,39.61 57.44,32.48 129.64,52.59 56.19,15.58 78.16,31.87 126.75,51.14 80.4,31.97 287.32,86.71 403.29,142.39l407.78 151.11c79.89,27.72 79.15,38.12 245.79,-49.1 70.89,-37.14 178.32,-92.86 251.68,-118.58 51.8,-18.24 78.58,-33.74 126.09,-52.55 113.63,-44.99 183.72,-60.15 264.6,-101.92 48.2,-24.87 90.02,-19.92 137.71,-47.27 -115.96,-65.85 -436.47,-109.48 -567.51,-126 -352.52,-44.43 -564.44,-6.16 -778.22,-21.05l-207.85 27.72c-115.13,13.72 -57.31,-9.43 -192.51,20.44zm2436.53 97.12l0 0 490.42 197.53c74.3,37.52 95.67,18.63 168.56,-16.8l490.75 -211.68c29.68,-10.49 62.2,-15.3 90.58,-28.09 18.85,-8.49 22.49,-11.2 37.85,-22.16 31.55,-22.55 12.04,3.4 26.45,-23.9 -106.96,-9.47 -242.24,-1.96 -352.93,-2.14 -311.98,-0.38 -645.64,52.4 -951.68,107.24zm3322.86 -411.88l0 0 -933.84 338.33 182.19 81.76c147.46,42 241.12,96.88 289.42,112.56 96.14,31.27 258.17,131.7 278.18,128.9 53.35,-25.58 13.87,-20.16 72.43,-36.12 55.68,-15.22 36.77,-8.74 86.05,-33.75 51.76,-26.27 116.76,-56.79 162.31,-74.85 216.44,-85.91 521.17,-134.96 759.83,-169.03 379.21,-54.18 792.45,-45.03 1176.9,15.59 107.56,16.98 380.61,81.81 475.29,118.9l331.02 140.52c-15.5,-29.26 -31.41,-81.34 -43.5,-120.36 -109.01,-353.36 -548.05,-525.41 -877.95,-630.75 -50.21,-16.05 -87.21,-26.97 -127.34,-37.98 -11.54,-3.13 -16.71,-4.86 -27.07,-7.98 -3.13,-0.93 -10.73,-3.83 -13.21,-4.44l-60.95 -5.73c-385.79,-67.72 -683.06,-34.91 -1056.07,10.87l-257.98 53.15c-48.29,2.29 -409.49,117.51 -415.71,120.41zm-8190.96 1208.43l0 0 -99.68 -11.43c-57.92,6.58 -154.1,229.88 -220.13,275.94 -185.22,129.32 -446.74,106.17 -621.18,-20.39 -290.7,-210.89 -423.74,-572.75 -216.54,-900.39 52.59,-83.31 83.63,-110.75 161.89,-170.67 144.01,-110.27 288.08,-141.59 463.36,-203.37 352.47,-124.23 791.37,-92.03 1153.7,-26.92 59.64,10.73 219.84,41.9 289.24,37.42 10.77,22.16 0.09,-19.28 -0.66,5.74l0.14 7.05c0,-1.21 0.05,2.99 0.52,4.33 85.81,25.26 199.77,38.98 290.31,70.15 41.86,14.42 36.21,8.12 73.54,20.53l107.3 34.49c3.08,0.84 6.38,1.54 9.46,2.42 51.58,14.47 184.99,44.24 218.64,79.71l-152.6 139.12c-30.57,30.65 -88.94,123.11 -111.96,173.36 -87.36,191.2 -98.78,260.08 -92.06,492.15 17.77,35.52 25.66,80.17 44,113.31 79.24,143.45 77.37,146.12 197.3,266.09 188.45,188.26 400.65,224.89 643.69,269.42 104.39,19.08 169.86,25.94 281.96,25.2 165.15,-1.08 194.88,-24.42 235.15,53.05 34.12,65.76 143.08,221.76 202.35,273.38 28,24.45 58.94,41.62 88.38,65.7 278.23,227.55 850.83,266.19 1209.56,265.96l297.74 -12.93c51.61,-5.79 34.62,-14.65 105.65,-17.96 180.04,-8.45 187.79,-15.92 358.21,-54.7l163.52 -37.8c49.19,-13.3 80.92,-9.8 129.04,-24.92l291.24 -103.5c93.02,-22.68 363.4,-157.04 377.91,-158.48l449.18 140.51c87.26,32.01 139.76,43.07 244.2,62.34 232.27,42.94 546.43,58.95 766.46,24.36 324.01,-50.91 608.12,-91.32 832.91,-354.43 81.53,-95.44 51.29,-79.98 75.88,-111.77 1.45,-1.96 7.98,-7.79 13.02,-13.53 18.02,-20.58 12.46,-15.96 27.91,-37.43 53.9,6.81 70.56,18.81 112.42,31.41l724.32 124.46c180.36,18.34 326.24,28.37 522.67,21 149.42,-5.6 356.53,-54.42 505.25,-81.24l207.39 -74.02c134.45,-44.57 438.44,-202.81 540.22,-303.33 90.3,-89.19 44.2,20.06 205.66,-222.1 51.71,-77.65 68.98,-87.73 98.94,-184.24 21.04,-67.66 51.33,-140.97 51.75,-224.84 55.58,-0.56 197.36,109.76 244.12,162.55l84.46 70.04c13.86,9.71 12.74,6.35 27.21,20.44 26.22,25.44 20.72,32.01 47.5,59.17 182.99,185.18 243.56,413.29 227.79,681.86 -4.76,80.77 -50.36,255.59 -119.84,291.01 -63.43,32.3 -48.4,47.27 -131.93,68.55 -59.92,15.22 -107.52,28.71 -170.47,28 -160.82,-1.63 -342.87,-97.67 -406.66,-194.79 -28.14,-42.84 -53.85,-92.3 -137.39,-58.09 -72.24,29.59 79.62,298.29 221.62,399.23 122.92,87.32 243.13,118.58 417.91,118.4 129.77,-0.15 211.02,-40.47 301.09,-100.62 61.32,-40.97 138.04,-88.01 169.07,-151.43 51.57,-105.61 91.19,-288.13 90.91,-412.07 -0.84,-335.02 -155.26,-535.69 -163.8,-591.87l-40.88 -39.26c-122.18,-181.76 -206.83,-210.37 -296.62,-308.41 -60.71,-66.27 -354.05,-217.43 -358.68,-285.84 -15.87,-233.52 -55.85,-224.47 -76.95,-289.99 -46.06,-143.36 -164.13,-286.72 -278.32,-386.4l-238.15 -154.23c-163.19,-96.7 -346.92,-142.34 -377.39,-156.95 -53.81,-25.76 -8.12,-20.06 -75.93,-34.62l-188.76 -46.71c-111.31,-32.48 -361.67,-63 -474.94,-56.66 -228.29,-26.28 -477.58,12.79 -702.28,30.1 -219.24,16.94 -425.88,58.89 -641.44,101.27l-814.06 205.38 -773.78 247.52c-145.28,54.55 -87.22,45.5 -360.08,10.03l-226.29 -19.6c-209.21,-8.25 -643.82,10.13 -840.47,44.67l-355.37 60.76c-40.41,9.42 -74.25,9.7 -111.67,19.32 -31.97,8.25 -55.72,19.88 -90.12,27.53 -145.32,32.39 -301.7,-43.45 -422.66,-73.27 -41.02,-10.13 -67.34,-7.28 -112.65,-19.97 -160.3,-44.89 -181.81,-36.87 -314.25,-63.15 -286.4,-56.69 -427.15,-39.94 -666.92,-60.38 -73.46,-6.26 -153.21,9.01 -236.42,8.68 -302.03,-1.26 -597.84,68.56 -882.47,142.8 -235.62,61.51 -154.37,79.8 -391.16,4.44 -340.3,-108.23 -635.88,-192.7 -985.83,-244.87 -405.26,-60.43 -688.25,-90.07 -1109.74,-11.61l-393.46 116.42c-67.66,31.83 -193.29,97.96 -249.71,142.67 -139.62,110.83 -256.25,281.68 -314.3,448.56l-39.34 199.03c-15.17,337.96 76.72,574.84 311.59,810.33 74.16,74.34 230.49,144.85 336.71,174.86 66.59,18.86 252.04,31.5 326.52,20.02 41.12,-6.3 42.15,-17.5 98.8,-18.62 2.61,-2.89 4.99,-7.33 6.16,-8.45 11.67,-11.11 248.68,-57.35 346.22,-197.54 149.66,-215.41 47.74,-377.06 56.33,-456.45zm12165.26 -1214.74l0 0c0,-257.55 -4.34,-71.4 20.77,-251.95 11.62,-84 24.78,-83.25 46.81,-156.89 20.67,-68.98 82.45,-161.99 130.38,-215.23 47.46,-52.69 92.91,-127.22 151.62,-150.46 22.08,30.8 42.15,44.34 68.6,72.99 112.61,122.36 192.92,302.44 211.73,475.77 22.78,208.74 -5.32,139.9 -2.14,245.37 -47.7,30.33 -95.58,61.93 -147.9,89.41 -157.36,82.75 -80.77,49.94 -145.17,91.94 -28.33,-16.52 -53.95,-38.22 -86.06,-56.23 -32.76,-18.48 -51.57,-20.35 -87.59,-42.24 -27.11,-16.47 -57.73,-30.8 -84.38,-46.8 -10.96,-6.59 -29.44,-19.13 -42.28,-28.37l-27.48 -21.52c-1.08,-3.87 -4.67,-3.83 -6.91,-5.79zm-243.28 -427.88l0 0c18.82,-103.84 90.59,-313.84 149.95,-391.96 36.07,-47.55 33.04,-81.48 68.13,-122.18l178.41 -190.96c33.09,-29.87 55.9,-51.19 96.22,-81.29 15.87,-11.8 12.09,-7.6 26.79,-20.58 1.92,-1.68 4.29,-4.16 6.21,-5.88 74.86,-69.16 73.31,-53.95 128.94,-0.42 60.1,57.82 107.1,97.96 168,176.68 42.84,55.4 96.28,89.13 143.04,188.86 46.85,99.73 132.62,223.54 156.98,388.46 18.11,122.31 63.98,187.18 55.44,385.23 144.2,-22.68 328.95,-7.14 453.09,60.44 45.31,24.64 89.69,48.25 131.27,60.95 -3.26,43.72 -11.15,72.28 -16.38,89.97 -48.02,23.8 -190.21,16.75 -370.58,93.84 -96.18,41.12 -134.35,61.37 -219.7,124.47 -148.55,109.8 -354.44,339.59 -404.98,523.32l-68.69 276.73c-5.41,46.58 -16.57,54.27 -22.68,90.95 -6.12,36.59 8.59,50.18 12.04,89.14l-2.89 529.11c0.65,32.29 4.98,80.36 2.37,111.96l-8.87 58.33c0.24,2.19 2.2,7.51 2.71,9.99 30.89,142.89 -21.19,321.44 58.48,451.31 222.08,361.95 187.18,895.35 -75.32,1225.6 -39.39,49.62 -68.13,51.53 -110.09,31.18l-31.92 -17.03c-79.34,-45.41 -202.39,-332.79 -219.01,-422.9 -37.57,-204.4 -44.14,-398.49 23.15,-594.16l136.92 -279.58c15.96,-23.24 6.16,-3.17 27.67,-34.9l11.11 -1045.86c4.43,-172.67 -21.75,-214.62 -56.66,-348.83l-63.28 -235.11 -299.55 -378.05c-94.6,-87.96 -246.45,-160.16 -370.91,-199.68 -55.62,-17.7 -97.62,-30.39 -162.58,-38.98 -64.08,-8.49 -136.64,7.24 -139.72,-59.77 -2.71,-59.04 44.42,-64.68 88.61,-96.37 144.63,-103.79 137.16,-110.32 300.59,-108.08 84.65,1.12 105.37,26.65 183.72,32.06l33.97 -326.01z"/>
 </g>
</svg>
